    0.00000000    0.00000000
    0.10000000    1.49901699
    0.20000000    2.94778525
    0.30000000    4.31901699
    0.40000000    5.59105652
    0.50000000    6.75000000
    0.60000000    7.79105652
    0.70000000    8.71901699
    0.80000000    9.54778525
    0.90000000   10.29901699
    1.00000000   11.00000000
    1.10000000   11.68098301
    1.20000000   12.37221475
    1.30000000   13.10098301
    1.40000000   13.88894348
    1.50000000   14.75000000
    1.60000000   15.68894348
    1.70000000   16.70098301
    1.80000000   17.77221475
    1.90000000   18.88098301
    2.00000000   20.00000000
    2.10000000   21.09901699
    2.20000000   22.14778525
    2.30000000   23.11901699
    2.40000000   23.99105652
    2.50000000   24.75000000
    2.60000000   25.39105652
    2.70000000   25.91901699
    2.80000000   26.34778525
    2.90000000   26.69901699
    3.00000000   27.00000000
    3.10000000   27.28098301
    3.20000000   27.57221475
    3.30000000   27.90098301
    3.40000000   28.28894348
    3.50000000   28.75000000
    3.60000000   29.28894348
    3.70000000   29.90098301
    3.80000000   30.57221475
    3.90000000   31.28098301
    4.00000000   32.00000000
    4.10000000   32.69901699
    4.20000000   33.34778525
    4.30000000   33.91901699
    4.40000000   34.39105652
    4.50000000   34.75000000
    4.60000000   34.99105652
    4.70000000   35.11901699
    4.80000000   35.14778525
    4.90000000   35.09901699
    5.00000000   35.00000000
    5.10000000   34.88098301
    5.20000000   34.77221475
    5.30000000   34.70098301
    5.40000000   34.68894348
    5.50000000   34.75000000
    5.60000000   34.88894348
    5.70000000   35.10098301
    5.80000000   35.37221475
    5.90000000   35.68098301
    6.00000000   36.00000000
    6.10000000   36.29901699
    6.20000000   36.54778525
    6.30000000   36.71901699
    6.40000000   36.79105652
    6.50000000   36.75000000
    6.60000000   36.59105652
    6.70000000   36.31901699
    6.80000000   35.94778525
    6.90000000   35.49901699
    7.00000000   35.00000000
    7.10000000   34.48098301
    7.20000000   33.97221475
    7.30000000   33.50098301
    7.40000000   33.08894348
    7.50000000   32.75000000
    7.60000000   32.48894348
    7.70000000   32.30098301
    7.80000000   32.17221475
    7.90000000   32.08098301
    8.00000000   32.00000000
    8.10000000   31.89901699
    8.20000000   31.74778525
    8.30000000   31.51901699
    8.40000000   31.19105652
    8.50000000   30.75000000
    8.60000000   30.19105652
    8.70000000   29.51901699
    8.80000000   28.74778525
    8.90000000   27.89901699
    9.00000000   27.00000000
    9.10000000   26.08098301
    9.20000000   25.17221475
    9.30000000   24.30098301
    9.40000000   23.48894348
    9.50000000   22.75000000
    9.60000000   22.08894348
    9.70000000   21.50098301
    9.80000000   20.97221475
    9.90000000   20.48098301
   10.00000000   20.00000000
